02/01/2018 00:00:00,400432,4,80,E,ML,.285,50,100,218,.0273,71.9,10,37,.0194,76.5,1,10,62,.0333,74.9,1,10,43,.0264,72,1,10,42,.0346,69.2,1,10,34,.023,64.5,1,,,,,0,,,,,0,,,,,0
02/01/2018 00:05:00,400432,4,80,E,ML,.285,50,100,264,.0346,70.2,10,35,.0181,76.6,1,10,63,.034,74.8,1,10,54,.037,71.8,1,10,52,.0429,66.6,1,10,60,.041,63.2,1,,,,,0,,,,,0,,,,,0
02/01/2018 00:10:00,400432,4,80,E,ML,.285,50,100,205,.0259,70.8,10,26,.0131,76.7,1,10,62,.0339,74.3,1,10,44,.0332,69.2,1,10,37,.0272,68.6,1,10,36,.0222,64.6,1,,,,,0,,,,,0,,,,,0
02/01/2018 00:15:00,400432,4,80,E,ML,.285,50,100,215,.029,69.7,10,28,.0145,76.6,1,10,64,.0352,73.9,1,10,48,.0327,70.6,1,10,31,.0349,59.5,1,10,44,.0276,65.4,1,,,,,0,,,,,0,,,,,0
02/01/2018 00:20:00,400432,4,80,E,ML,.285,50,100,201,.0238,71.5,10,23,.0116,76.7,1,10,50,.0272,74,1,10,47,.0304,72.7,1,10,44,.0263,69.5,1,10,37,.0233,65.5,1,,,,,0,,,,,0,,,,,0
02/01/2018 00:25:00,400432,4,80,E,ML,.285,50,100,210,.026,72.1,10,25,.0128,76.7,1,10,55,.0306,73.5,1,10,53,.0333,74.8,1,10,39,.0269,71.3,1,10,38,.0263,64,1,,,,,0,,,,,0,,,,,0
02/01/2018 00:30:00,400432,4,80,E,ML,.285,49,100,168,.0227,70.3,10,22,.0114,76.6,1,10,40,.0222,73.5,1,9,28,.0266,67.7,1,10,39,.0266,72.4,1,10,39,.0267,63.4,1,,,,,0,,,,,0,,,,,0
02/01/2018 00:35:00,400432,4,80,E,ML,.285,50,100,170,.0233,69.4,10,18,.0092,76.6,1,10,44,.0257,72.5,1,10,43,.0278,71,1,10,34,.0341,64,1,10,31,.0195,64.3,1,,,,,0,,,,,0,,,,,0
02/01/2018 00:40:00,400432,4,80,E,ML,.285,50,100,145,.0185,70.3,10,22,.0116,76.5,1,10,31,.0172,73.1,1,10,34,.0215,72.5,1,10,29,.0226,66.2,1,10,29,.0195,64.1,1,,,,,0,,,,,0,,,,,0
02/01/2018 00:45:00,400432,4,80,E,ML,.285,50,100,131,.0156,71.8,10,19,.0099,76.5,1,10,29,.0156,73.6,1,10,34,.0194,74.3,1,10,30,.0202,69.1,1,10,19,.0131,64.1,1,,,,,0,,,,,0,,,,,0
02/01/2018 00:50:00,400432,4,80,E,ML,.285,50,100,234,.0321,69.5,10,38,.0193,76.8,1,10,59,.0327,73.3,1,10,50,.0376,70.2,1,10,48,.0426,64.4,1,10,39,.0284,62.2,1,,,,,0,,,,,0,,,,,0
02/01/2018 00:55:00,400432,4,80,E,ML,.285,50,100,135,.0197,68,10,17,.0088,76.7,1,10,29,.0156,73.7,1,10,30,.023,69.4,1,10,30,.0274,63.3,1,10,29,.0235,60.6,1,,,,,0,,,,,0,,,,,0
02/01/2018 01:00:00,400432,4,80,E,ML,.285,50,100,139,.0183,70.5,10,18,.0092,76.6,1,10,35,.0188,74,1,10,40,.0247,72.6,1,10,24,.0199,65.8,1,10,22,.0189,61.3,1,,,,,0,,,,,0,,,,,0
02/01/2018 01:05:00,400432,4,80,E,ML,.285,50,100,150,.0183,71.5,10,26,.0138,76.4,1,10,36,.0198,73.9,1,10,30,.017,73.9,1,10,32,.0226,69.2,1,10,26,.0185,63.2,1,,,,,0,,,,,0,,,,,0
02/01/2018 01:10:00,400432,4,80,E,ML,.285,50,100,138,.0182,71.4,10,17,.009,76.4,1,10,43,.024,73.6,1,10,30,.0229,71.4,1,10,28,.0198,70.5,1,10,20,.0151,63.7,1,,,,,0,,,,,0,,,,,0
02/01/2018 01:15:00,400432,4,80,E,ML,.285,50,100,111,.015,70.3,10,8,.0042,76.4,1,10,24,.0127,73.9,1,10,33,.0236,71,1,10,28,.0245,68.3,1,10,18,.0101,64.9,1,,,,,0,,,,,0,,,,,0
02/01/2018 01:20:00,400432,4,80,E,ML,.285,50,100,120,.0151,71.3,10,17,.0085,76.5,1,10,27,.0144,74.1,1,10,28,.0187,71.8,1,10,26,.0186,69.8,1,10,22,.0151,65.1,1,,,,,0,,,,,0,,,,,0
02/01/2018 01:25:00,400432,4,80,E,ML,.285,50,100,129,.0197,68.4,10,9,.0044,76.6,1,10,24,.0127,74.2,1,10,37,.0295,68.5,1,10,31,.0298,65.4,1,10,28,.0219,64.1,1,,,,,0,,,,,0,,,,,0
02/01/2018 01:30:00,400432,4,80,E,ML,.285,50,100,126,.017,69.6,10,14,.0071,76.6,1,10,27,.0149,74,1,10,34,.0228,70.6,1,10,30,.0275,64.5,1,10,21,.0129,65.1,1,,,,,0,,,,,0,,,,,0
02/01/2018 01:35:00,400432,4,80,E,ML,.285,50,100,87,.0135,68.6,10,9,.0045,76.6,1,10,17,.0089,74.1,1,10,23,.0167,70.9,1,10,24,.0258,62,1,10,14,.0115,64.4,1,,,,,0,,,,,0,,,,,0
02/01/2018 01:40:00,400432,4,80,E,ML,.285,50,100,102,.0139,70.4,10,10,.0051,76.6,1,10,34,.018,74.3,1,10,23,.0127,72.5,1,10,17,.0181,63.4,1,10,18,.0157,63.5,1,,,,,0,,,,,0,,,,,0
02/01/2018 01:45:00,400432,4,80,E,ML,.285,50,100,118,.016,70,10,12,.0061,76.6,1,10,33,.0182,74,1,10,27,.018,72.5,1,10,22,.014,67.6,1,10,24,.0236,60.4,1,,,,,0,,,,,0,,,,,0
02/01/2018 01:50:00,400432,4,80,E,ML,.285,50,100,86,.0126,69.8,10,7,.0037,76.5,1,10,21,.0116,74,1,10,23,.0175,71.4,1,10,22,.0211,66.3,1,10,13,.0092,62.5,1,,,,,0,,,,,0,,,,,0
02/01/2018 01:55:00,400432,4,80,E,ML,.285,50,100,95,.0134,69.9,10,9,.0048,76.4,1,10,26,.0137,74.2,1,10,23,.0201,69.3,1,10,19,.0135,68.3,1,10,18,.0149,62.9,1,,,,,0,,,,,0,,,,,0
02/01/2018 02:00:00,400432,4,80,E,ML,.285,50,100,103,.0147,69.5,10,11,.0056,76.5,1,10,19,.0102,74.1,1,10,27,.0151,72.2,1,10,27,.027,65,1,10,19,.0157,63.3,1,,,,,0,,,,,0,,,,,0
02/01/2018 02:05:00,400432,4,80,E,ML,.285,50,100,96,.0115,71.1,10,9,.0046,76.5,1,10,21,.0114,74,1,10,25,.0141,73.4,1,10,26,.0178,68.7,1,10,15,.0097,64.4,1,,,,,0,,,,,0,,,,,0
02/01/2018 02:10:00,400432,4,80,E,ML,.285,50,100,140,.0221,68.2,10,11,.0059,76.4,1,10,31,.0161,74.3,1,10,38,.028,71.6,1,10,33,.038,60,1,10,27,.0227,63.3,1,,,,,0,,,,,0,,,,,0
02/01/2018 02:15:00,400432,4,80,E,ML,.285,50,100,120,.0177,69,10,8,.0041,76.4,1,10,33,.0175,74.3,1,10,34,.0256,70.5,1,10,22,.0206,63.1,1,10,23,.0206,62.4,1,,,,,0,,,,,0,,,,,0
02/01/2018 02:20:00,400432,4,80,E,ML,.285,49,100,92,.0139,68.6,10,6,.0031,76.4,1,10,22,.0116,74.2,1,9,22,.018,70,1,10,18,.0186,64.2,1,10,24,.0183,63.5,1,,,,,0,,,,,0,,,,,0
02/01/2018 02:25:00,400432,4,80,E,ML,.285,50,100,91,.0139,68.9,10,4,.0021,76.4,1,10,31,.0168,74,1,10,21,.0178,69.5,1,10,20,.0234,62.1,1,10,15,.0094,64.5,1,,,,,0,,,,,0,,,,,0
02/01/2018 02:30:00,400432,4,80,E,ML,.285,49,100,103,.0163,68.1,10,14,.0071,76.5,1,10,20,.0117,73.7,1,10,23,.023,66.2,1,10,22,.0184,65.4,1,9,24,.0215,62.8,1,,,,,0,,,,,0,,,,,0
02/01/2018 02:35:00,400432,4,80,E,ML,.285,50,100,81,.0118,69.8,10,7,.0036,76.5,1,10,29,.0161,73.6,1,10,19,.0158,68,1,10,16,.017,65.5,1,10,10,.0063,64,1,,,,,0,,,,,0,,,,,0
02/01/2018 02:40:00,400432,4,80,E,ML,.285,50,100,101,.0166,67.9,10,8,.0045,76.4,1,10,25,.0147,73.3,1,10,27,.0243,66.2,1,10,21,.0192,66.3,1,10,20,.0205,61.6,1,,,,,0,,,,,0,,,,,0
02/01/2018 02:45:00,400432,4,80,E,ML,.285,50,100,82,.0122,69.3,10,7,.0036,76.4,1,10,28,.0154,73.5,1,10,20,.0195,66.1,1,10,15,.0141,67.1,1,10,12,.0086,63.2,1,,,,,0,,,,,0,,,,,0
02/01/2018 02:50:00,400432,4,80,E,ML,.285,50,100,93,.0142,68.5,10,3,.0016,76.4,1,10,28,.015,73.8,1,10,22,.0191,67.1,1,10,21,.0206,66.2,1,10,19,.0149,63.7,1,,,,,0,,,,,0,,,,,0
02/01/2018 02:55:00,400432,4,80,E,ML,.285,50,100,57,.007,70,10,2,.001,76.5,1,10,16,.0083,74,1,10,19,.0125,69.8,1,10,11,.0081,67.9,1,10,9,.0052,64.5,1,,,,,0,,,,,0,,,,,0
02/01/2018 03:00:00,400432,4,80,E,ML,.285,50,100,64,.0094,70.4,10,4,.0021,76.5,1,10,9,.0047,74.1,1,10,19,.0132,71.3,1,10,20,.0132,71,1,10,12,.0138,63.4,1,,,,,0,,,,,0,,,,,0
02/01/2018 03:05:00,400432,4,80,E,ML,.285,50,100,76,.0116,70.3,10,7,.0039,76.4,1,10,17,.0092,74.1,1,10,19,.0162,70.8,1,10,13,.0155,69.2,1,10,20,.0133,65.3,1,,,,,0,,,,,0,,,,,0
02/01/2018 03:10:00,400432,4,80,E,ML,.285,50,100,113,.0192,69,10,12,.0062,76.4,1,10,29,.0169,73.5,1,10,21,.0123,72.6,1,10,29,.0344,65.3,1,10,22,.026,60.3,1,,,,,0,,,,,0,,,,,0
02/01/2018 03:15:00,400432,4,80,E,ML,.285,50,100,100,.0198,66.6,10,9,.0045,76.5,1,10,21,.0112,73.8,1,10,28,.022,71.8,1,10,25,.0357,58.9,1,10,17,.0256,55.2,1,,,,,0,,,,,0,,,,,0
02/01/2018 03:20:00,400432,4,80,E,ML,.285,50,100,86,.014,68.7,10,9,.0046,76.5,1,10,21,.0116,73.8,1,10,23,.0186,71.3,1,10,19,.0202,63.6,1,10,14,.0152,58.7,1,,,,,0,,,,,0,,,,,0
02/01/2018 03:25:00,400432,4,80,E,ML,.285,50,100,78,.0117,69.3,10,5,.0024,76.5,1,10,18,.0095,74,1,10,23,.0172,71.7,1,10,16,.0186,65.3,1,10,16,.011,62.4,1,,,,,0,,,,,0,,,,,0
02/01/2018 03:30:00,400432,4,80,E,ML,.285,50,100,73,.0116,69.9,10,5,.0026,76.5,1,10,17,.0101,73.7,1,10,18,.0143,71.6,1,10,19,.0169,68.3,1,10,14,.0142,62.7,1,,,,,0,,,,,0,,,,,0
02/01/2018 03:35:00,400432,4,80,E,ML,.285,50,100,95,.0168,69,10,5,.0026,76.5,1,10,28,.0151,73.9,1,10,20,.0252,64.5,1,10,25,.0227,70.5,1,10,17,.0185,61.9,1,,,,,0,,,,,0,,,,,0
02/01/2018 03:40:00,400432,4,80,E,ML,.285,50,100,79,.011,70.5,10,6,.0032,76.4,1,10,26,.0144,73.8,1,10,20,.0134,68.9,1,10,15,.0131,70.6,1,10,12,.011,63,1,,,,,0,,,,,0,,,,,0
02/01/2018 03:45:00,400432,4,80,E,ML,.285,50,100,90,.0155,69.5,10,8,.004,76.5,1,10,27,.0151,73.7,1,10,18,.0187,67.8,1,10,25,.0295,66.8,1,10,12,.0104,63.8,1,,,,,0,,,,,0,,,,,0
02/01/2018 03:50:00,400432,4,80,E,ML,.285,49,100,81,.0136,68.8,10,3,.0015,76.5,1,9,20,.0108,73.9,1,10,23,.0192,68.9,1,10,16,.0186,66.9,1,10,19,.018,63.5,1,,,,,0,,,,,0,,,,,0
02/01/2018 03:55:00,400432,4,80,E,ML,.285,50,100,77,.0105,70.4,10,4,.0021,76.5,1,10,13,.0063,74.2,1,10,22,.013,71.7,1,10,23,.0204,69.7,1,10,15,.0107,64.6,1,,,,,0,,,,,0,,,,,0
02/01/2018 04:00:00,400432,4,80,E,ML,.285,50,100,97,.0161,70.2,10,9,.0047,76.4,1,10,24,.0127,74.3,1,10,27,.0256,69.7,1,10,20,.0225,68.2,1,10,17,.0149,64.5,1,,,,,0,,,,,0,,,,,0
02/01/2018 04:05:00,400432,4,80,E,ML,.285,50,100,78,.0154,66.8,10,3,.0017,76.3,1,10,15,.0082,74.2,1,10,15,.0157,69.5,1,10,23,.033,60.9,1,10,22,.0186,64.7,1,,,,,0,,,,,0,,,,,0
02/01/2018 04:10:00,400432,4,80,E,ML,.285,50,100,77,.0123,68.5,10,4,.0021,76.4,1,10,13,.0073,74.1,1,10,23,.0239,67.6,1,10,12,.0145,64.2,1,10,25,.0137,67.2,1,,,,,0,,,,,0,,,,,0
02/01/2018 04:15:00,400432,4,80,E,ML,.285,50,100,81,.013,69.7,10,6,.0031,76.4,1,10,21,.0109,74.3,1,10,19,.0197,67.7,1,10,19,.0165,67.9,1,10,16,.0147,65.6,1,,,,,0,,,,,0,,,,,0
02/01/2018 04:20:00,400432,4,80,E,ML,.285,50,100,116,.0214,67.5,10,7,.0035,76.4,1,10,32,.0173,74.4,1,10,33,.0339,64.5,1,10,25,.0321,63.2,1,10,19,.0202,63.2,1,,,,,0,,,,,0,,,,,0
02/01/2018 04:25:00,400432,4,80,E,ML,.285,50,100,130,.0226,66.9,10,7,.0035,76.4,1,10,34,.0189,74.2,1,10,31,.0291,65.7,1,10,30,.0391,59.4,1,10,28,.0224,64.9,1,,,,,0,,,,,0,,,,,0
02/01/2018 04:30:00,400432,4,80,E,ML,.285,50,100,122,.0238,65.7,10,12,.0063,76.4,1,10,33,.0182,74.2,1,10,28,.025,67.8,1,10,31,.0432,55.5,1,10,18,.0263,57.5,1,,,,,0,,,,,0,,,,,0
02/01/2018 04:35:00,400432,4,80,E,ML,.285,50,100,115,.0191,66.8,10,3,.0014,76.5,1,10,26,.0142,74.2,1,10,31,.0261,69.8,1,10,28,.03,61.2,1,10,27,.0236,60.9,1,,,,,0,,,,,0,,,,,0
02/01/2018 04:40:00,400432,4,80,E,ML,.285,50,100,136,.0235,67.2,10,12,.0062,76.4,1,10,30,.0175,73.7,1,10,34,.034,66.2,1,10,30,.0294,66.2,1,10,30,.0306,59.3,1,,,,,0,,,,,0,,,,,0
02/01/2018 04:45:00,400432,4,80,E,ML,.285,50,100,167,.0282,67.4,10,10,.0048,76.5,1,10,42,.0232,74,1,10,40,.0356,67.4,1,10,39,.0446,64.1,1,10,36,.0326,60.8,1,,,,,0,,,,,0,,,,,0
02/01/2018 04:50:00,400432,4,80,E,ML,.285,50,100,125,.0218,67.7,10,11,.0056,76.5,1,10,35,.0187,74.4,1,10,25,.0236,67.9,1,10,30,.0324,65.2,1,10,24,.0287,56.9,1,,,,,0,,,,,0,,,,,0
02/01/2018 04:55:00,400432,4,80,E,ML,.285,50,100,140,.0221,68.8,10,11,.0054,76.5,1,10,38,.0207,74.5,1,10,30,.0272,68.4,1,10,30,.0302,67.5,1,10,31,.0268,60.8,1,,,,,0,,,,,0,,,,,0
02/01/2018 05:00:00,400432,4,80,E,ML,.285,50,100,129,.0196,68.7,10,7,.0036,76.5,1,10,27,.0145,74.5,1,10,28,.0201,72.1,1,10,35,.0264,71.3,1,10,32,.0333,56.3,1,,,,,0,,,,,0,,,,,0
02/01/2018 05:05:00,400432,4,80,E,ML,.285,50,100,160,.0254,68.6,10,7,.0036,76.5,1,10,41,.0224,74.5,1,10,41,.0329,73.3,1,10,36,.0344,67.7,1,10,35,.0335,55.6,1,,,,,0,,,,,0,,,,,0
02/01/2018 05:10:00,400432,4,80,E,ML,.285,50,100,126,.0209,67.5,10,2,.0009,76.6,1,10,25,.0137,74.3,1,10,40,.0362,70.4,1,10,32,.0335,63.8,1,10,27,.0201,60.5,1,,,,,0,,,,,0,,,,,0
02/01/2018 05:15:00,400432,4,80,E,ML,.285,50,100,175,.029,66.9,10,17,.0086,76.5,1,10,48,.0266,74.2,1,10,44,.0417,67.3,1,10,31,.033,61.6,1,10,35,.035,56.6,1,,,,,0,,,,,0,,,,,0
02/01/2018 05:20:00,400432,4,80,E,ML,.285,50,100,149,.0234,66.5,10,8,.0038,76.6,1,10,42,.0229,74.4,1,10,33,.0388,60.4,1,10,35,.033,63.3,1,10,31,.0187,63.1,1,,,,,0,,,,,0,,,,,0
02/01/2018 05:25:00,400432,4,80,E,ML,.285,50,100,157,.024,67.9,10,6,.0031,76.5,1,10,39,.0205,74.9,1,10,41,.03,69.8,1,10,38,.0372,62.9,1,10,33,.0291,61.3,1,,,,,0,,,,,0,,,,,0
02/01/2018 05:30:00,400432,4,80,E,ML,.285,50,100,186,.0258,71.4,10,11,.0066,76.2,1,10,37,.0201,74.7,1,10,47,.0348,74.9,1,10,50,.0396,69.2,1,10,41,.0281,65.7,1,,,,,0,,,,,0,,,,,0
02/01/2018 05:35:00,400432,4,80,E,ML,.285,50,100,158,.0215,72.5,10,8,.0044,76.2,1,10,44,.0245,74.3,1,10,38,.0314,73.9,1,10,36,.0268,72.6,1,10,32,.0206,67.4,1,,,,,0,,,,,0,,,,,0
02/01/2018 05:40:00,400432,4,80,E,ML,.285,50,100,265,.0387,71.7,10,14,.0065,76.5,1,10,66,.0367,74.1,1,10,57,.0459,74.4,1,10,63,.0548,70.9,1,10,65,.0494,66.8,1,,,,,0,,,,,0,,,,,0
02/01/2018 05:45:00,400432,4,80,E,ML,.285,50,100,300,.0435,72,10,14,.0069,76.5,1,10,75,.0405,75.1,1,10,57,.044,76.2,1,10,80,.0642,73,1,10,74,.0619,63.5,1,,,,,0,,,,,0,,,,,0
02/01/2018 05:50:00,400432,4,80,E,ML,.285,50,100,359,.0509,72.8,10,19,.0098,76.4,1,10,101,.0556,74.9,1,10,83,.0594,80.3,1,10,74,.0668,69.9,1,10,82,.0628,64.6,1,,,,,0,,,,,0,,,,,0
02/01/2018 05:55:00,400432,4,80,E,ML,.285,50,100,287,.0409,72.9,10,16,.0078,76.5,1,10,70,.0383,75,1,10,62,.0497,77.8,1,10,70,.0515,75.8,1,10,69,.0571,62.7,1,,,,,0,,,,,0,,,,,0
02/01/2018 06:00:00,400432,4,80,E,ML,.285,50,100,307,.0465,70.3,10,16,.0081,76.7,1,10,78,.043,76.1,1,10,75,.0627,73.2,1,10,71,.0559,73.4,1,10,67,.063,55.7,1,,,,,0,,,,,0,,,,,0
02/01/2018 06:05:00,400432,4,80,E,ML,.285,50,100,324,.049,68.4,10,23,.0116,77,1,10,85,.0474,76.3,1,10,72,.0665,67.7,1,10,71,.0661,66.7,1,10,73,.0536,59,1,,,,,0,,,,,0,,,,,0
02/01/2018 06:10:00,400432,4,80,E,ML,.285,50,100,308,.0481,66.8,10,22,.0125,76.6,1,10,76,.044,75,1,10,69,.064,64.8,1,10,69,.0717,60.2,1,10,72,.0485,63.4,1,,,,,0,,,,,0,,,,,0
02/01/2018 06:15:00,400432,4,80,E,ML,.285,50,100,230,.0325,68.8,10,15,.009,76.3,1,10,57,.0319,75.4,1,10,52,.0355,73.5,1,10,45,.0374,63.8,1,10,61,.0485,60.6,1,,,,,0,,,,,0,,,,,0
02/01/2018 06:20:00,400432,4,80,E,ML,.285,50,100,369,.0518,70.4,10,23,.0124,76.5,1,10,94,.0535,75.2,1,10,89,.0658,75.6,1,10,85,.0661,67.8,1,10,78,.061,59.6,1,,,,,0,,,,,0,,,,,0
02/01/2018 06:25:00,400432,4,80,E,ML,.285,50,100,325,.0449,71.2,10,16,.0078,76.8,1,10,89,.0504,75.3,1,10,81,.0603,76.3,1,10,67,.053,69.2,1,10,72,.0531,60.9,1,,,,,0,,,,,0,,,,,0
02/01/2018 06:30:00,400432,4,80,E,ML,.285,50,100,331,.0468,70.4,10,27,.0144,76.9,1,10,89,.0512,74.8,1,10,67,.0495,76.9,1,10,68,.0603,66.1,1,10,80,.0586,61.7,1,,,,,0,,,,,0,,,,,0
02/01/2018 06:35:00,400432,4,80,E,ML,.285,50,100,339,.0511,68.6,10,19,.0111,76.5,1,10,93,.0543,74,1,10,73,.0615,72.5,1,10,78,.0647,66.7,1,10,76,.0637,58.2,1,,,,,0,,,,,0,,,,,0
02/01/2018 06:40:00,400432,4,80,E,ML,.285,50,100,425,.0629,68.1,10,23,.0122,76.7,1,10,104,.0627,72.4,1,10,94,.0713,74.1,1,10,98,.0764,69.2,1,10,106,.0917,55.6,1,,,,,0,,,,,0,,,,,0
02/01/2018 06:45:00,400432,4,80,E,ML,.285,50,100,280,.0421,67.6,10,15,.0092,76.3,1,10,74,.0457,70.9,1,10,62,.0477,74.3,1,10,62,.0561,65.5,1,10,67,.0516,57.6,1,,,,,0,,,,,0,,,,,0
02/01/2018 06:50:00,400432,4,80,E,ML,.285,50,100,368,.0525,69.5,10,27,.0143,76.7,1,10,101,.0574,73,1,10,89,.071,73.1,1,10,75,.051,73.7,1,10,76,.069,54,1,,,,,0,,,,,0,,,,,0
02/01/2018 06:55:00,400432,4,80,E,ML,.285,50,100,505,.0751,67.6,10,35,.0195,76.5,1,10,122,.0724,72.5,1,10,102,.0708,77.9,1,10,98,.0876,68.1,1,10,148,.125,54.1,1,,,,,0,,,,,0,,,,,0
02/01/2018 07:00:00,400432,4,80,E,ML,.285,50,100,374,.0561,65.7,10,27,.0146,76.8,1,10,96,.0532,72.7,1,10,82,.0659,71.2,1,10,77,.0677,61.7,1,10,92,.0791,53.7,1,,,,,0,,,,,0,,,,,0
02/01/2018 07:05:00,400432,4,80,E,ML,.285,50,100,328,.0471,65.4,10,20,.0119,76.4,1,10,94,.0546,71.1,1,10,67,.0569,66.2,1,10,73,.0575,61.7,1,10,74,.0544,58,1,,,,,0,,,,,0,,,,,0
02/01/2018 07:10:00,400432,4,80,E,ML,.285,50,100,293,.0418,65,10,18,.0095,76.7,1,10,80,.049,68.6,1,10,60,.0486,65.2,1,10,65,.049,63.2,1,10,70,.0527,59.4,1,,,,,0,,,,,0,,,,,0
02/01/2018 07:15:00,400432,4,80,E,ML,.285,50,100,429,.0628,64.4,10,33,.0198,76,1,10,124,.0752,67.6,1,10,91,.0752,64,1,10,89,.0727,61.4,1,10,92,.0709,59.4,1,,,,,0,,,,,0,,,,,0
02/01/2018 07:20:00,400432,4,80,E,ML,.285,50,100,539,.0738,65.8,10,35,.0176,77.4,1,10,152,.0885,68.5,1,10,126,.0994,64.9,1,10,99,.0766,62.1,1,10,127,.0871,63.1,1,,,,,0,,,,,0,,,,,0
02/01/2018 07:25:00,400432,4,80,E,ML,.285,50,100,435,.0615,65.7,10,27,.0161,76.6,1,10,127,.0746,68.6,1,10,92,.0676,67.7,1,10,90,.0736,60.8,1,10,99,.0754,61.6,1,,,,,0,,,,,0,,,,,0
02/01/2018 07:30:00,400432,4,80,E,ML,.285,50,100,370,.0511,66.6,10,18,.0104,76.5,1,10,110,.0651,68.4,1,10,89,.0619,71.1,1,10,83,.0601,64,1,10,70,.058,58.5,1,,,,,0,,,,,0,,,,,0
02/01/2018 07:35:00,400432,4,80,E,ML,.285,50,100,236,.0309,68.5,10,9,.0065,76.1,1,10,69,.0385,70.5,1,10,54,.0363,73.8,1,10,39,.0283,65.9,1,10,65,.0447,62.5,1,,,,,0,,,,,0,,,,,0
02/01/2018 07:40:00,400432,4,80,E,ML,.285,50,100,331,.046,67.6,10,23,.0137,76,1,10,94,.0562,69,1,10,65,.0488,71.5,1,10,75,.056,65.5,1,10,74,.0551,62,1,,,,,0,,,,,0,,,,,0
02/01/2018 07:45:00,400432,4,80,E,ML,.285,50,100,488,.0649,68.5,10,26,.0141,76.5,1,10,134,.0777,69.3,1,10,108,.0765,72.4,1,10,96,.0642,69.1,1,10,124,.0919,61.9,1,,,,,0,,,,,0,,,,,0
02/01/2018 07:50:00,400432,4,80,E,ML,.285,50,100,550,.0783,66.8,10,38,.0236,75,1,10,150,.0882,69,1,10,112,.0879,69.2,1,10,110,.0801,67.9,1,10,140,.1119,59.6,1,,,,,0,,,,,0,,,,,0
02/01/2018 07:55:00,400432,4,80,E,ML,.285,50,100,487,.0663,67.2,10,28,.0152,76,1,10,137,.0796,69.2,1,10,99,.071,70.8,1,10,98,.0745,65.9,1,10,125,.091,61.2,1,,,,,0,,,,,0,,,,,0
02/01/2018 08:00:00,400432,4,80,E,ML,.285,50,100,499,.0701,66.7,10,25,.0144,76.4,1,10,130,.0743,69.9,1,10,101,.0897,64.6,1,10,113,.0781,68.1,1,10,130,.0941,62.2,1,,,,,0,,,,,0,,,,,0
02/01/2018 08:05:00,400432,4,80,E,ML,.285,50,100,462,.0665,65.7,10,30,.0163,77.1,1,10,128,.0765,68.7,1,10,104,.079,66.4,1,10,86,.0717,63.2,1,10,114,.0889,60.5,1,,,,,0,,,,,0,,,,,0
02/01/2018 08:10:00,400432,4,80,E,ML,.285,50,100,407,.0557,66.7,10,25,.0173,75.5,1,10,117,.0712,67.5,1,10,80,.0561,70.2,1,10,82,.059,65.4,1,10,103,.0747,61.8,1,,,,,0,,,,,0,,,,,0
02/01/2018 08:15:00,400432,4,80,E,ML,.285,50,100,493,.0729,64.9,10,32,.0186,76.1,1,10,138,.0837,67,1,10,105,.0817,68.4,1,10,96,.0806,61.7,1,10,122,.0997,58.9,1,,,,,0,,,,,0,,,,,0
02/01/2018 08:20:00,400432,4,80,E,ML,.285,50,100,511,.0774,63.2,10,33,.0192,76.4,1,10,150,.0916,66.5,1,10,105,.099,61.7,1,10,106,.0824,62.1,1,10,117,.0949,57.7,1,,,,,0,,,,,0,,,,,0
02/01/2018 08:25:00,400432,4,80,E,ML,.285,50,100,444,.071,60.6,10,27,.0161,76.3,1,10,128,.0847,63.7,1,10,85,.0817,57.8,1,10,98,.0829,59.8,1,10,106,.0894,56,1,,,,,0,,,,,0,,,,,0
02/01/2018 08:30:00,400432,4,80,E,ML,.285,50,100,603,.0973,59.3,10,37,.022,76.2,1,10,147,.0927,63.9,1,10,119,.1123,56.4,1,10,126,.1049,59.1,1,10,174,.1545,53.8,1,,,,,0,,,,,0,,,,,0
02/01/2018 08:35:00,400432,4,80,E,ML,.285,50,100,503,.0759,60.6,10,35,.0195,77,1,10,139,.0869,64.2,1,10,100,.0859,58.4,1,10,106,.0866,59.3,1,10,123,.1006,54.9,1,,,,,0,,,,,0,,,,,0
02/01/2018 08:40:00,400432,4,80,E,ML,.285,50,100,439,.0709,59.3,10,26,.0151,76.8,1,10,114,.0731,63.6,1,10,97,.0819,59.9,1,10,96,.0944,54.4,1,10,106,.09,54.4,1,,,,,0,,,,,0,,,,,0
02/01/2018 08:45:00,400432,4,80,E,ML,.285,50,100,534,.0824,59.7,10,25,.0147,76.6,1,10,148,.0925,64.1,1,10,104,.0884,60.5,1,10,109,.1009,53.5,1,10,148,.1157,56.5,1,,,,,0,,,,,0,,,,,0
02/01/2018 08:50:00,400432,4,80,E,ML,.285,50,100,536,.0844,59.9,10,39,.0273,72.9,1,10,136,.0849,64.4,1,10,117,.1035,59.6,1,10,108,.0944,54.6,1,10,136,.1121,56,1,,,,,0,,,,,0,,,,,0
02/01/2018 08:55:00,400432,4,80,E,ML,.285,50,100,601,.0969,59.2,10,34,.0214,73.8,1,10,154,.0914,66.2,1,10,124,.112,58.5,1,10,129,.1061,56.9,1,10,160,.1535,51.9,1,,,,,0,,,,,0,,,,,0
02/01/2018 09:00:00,400432,4,80,E,ML,.285,50,100,460,.07,60.5,10,23,.017,73.4,1,10,131,.0808,65.8,1,10,98,.0876,58.3,1,10,93,.0729,59.5,1,10,115,.0917,54.7,1,,,,,0,,,,,0,,,,,0
02/01/2018 09:05:00,400432,4,80,E,ML,.285,50,100,480,.0756,59.8,10,26,.0167,74.3,1,10,130,.0831,64.5,1,10,95,.085,58.1,1,10,100,.0853,58.3,1,10,129,.1078,54.7,1,,,,,0,,,,,0,,,,,0
02/01/2018 09:10:00,400432,4,80,E,ML,.285,50,100,530,.0848,59.4,10,31,.0209,73.7,1,10,148,.091,65.1,1,10,115,.1011,58.5,1,10,106,.099,55.2,1,10,130,.1122,53.9,1,,,,,0,,,,,0,,,,,0
02/01/2018 09:15:00,400432,4,80,E,ML,.285,50,100,474,.0733,60,10,41,.028,71.8,1,10,123,.0794,63.8,1,10,96,.0892,57.2,1,10,99,.0772,58.8,1,10,115,.0929,55.3,1,,,,,0,,,,,0,,,,,0
02/01/2018 09:20:00,400432,4,80,E,ML,.285,50,100,548,.0866,59.4,10,42,.0255,73.5,1,10,150,.0985,62.6,1,10,110,.1025,56.4,1,10,110,.0941,57.8,1,10,136,.1124,55.3,1,,,,,0,,,,,0,,,,,0
02/01/2018 09:25:00,400432,4,80,E,ML,.285,50,100,508,.0854,57.8,10,57,.0362,72.5,1,10,130,.0887,60.9,1,10,102,.1021,54.1,1,10,96,.0918,54.3,1,10,123,.1081,53.7,1,,,,,0,,,,,0,,,,,0
02/01/2018 09:30:00,400432,4,80,E,ML,.285,50,100,508,.0847,56.6,10,27,.015,74.9,1,10,136,.0887,61.4,1,10,113,.1116,53.3,1,10,105,.093,54.6,1,10,127,.1152,52.1,1,,,,,0,,,,,0,,,,,0
02/01/2018 09:35:00,400432,4,80,E,ML,.285,50,100,661,.1081,57.1,10,46,.029,74,1,10,183,.1184,61.9,1,10,124,.1191,53.6,1,10,142,.1222,55.6,1,10,166,.1517,51.1,1,,,,,0,,,,,0,,,,,0
02/01/2018 09:40:00,400432,4,80,E,ML,.285,50,100,602,.095,58.4,10,57,.0336,75.1,1,10,162,.1045,62.2,1,10,106,.1041,53.2,1,10,129,.1141,55.3,1,10,148,.1188,54.1,1,,,,,0,,,,,0,,,,,0
02/01/2018 09:45:00,400432,4,80,E,ML,.285,50,100,448,.0703,59.1,10,37,.0212,76.1,1,10,128,.0811,63,1,10,96,.0854,55.7,1,10,92,.0924,51.9,1,10,95,.0714,57.5,1,,,,,0,,,,,0,,,,,0
02/01/2018 09:50:00,400432,4,80,E,ML,.285,50,100,437,.0675,59.6,10,25,.0161,75.6,1,10,123,.0773,63.6,1,10,97,.0872,56.7,1,10,88,.076,54.1,1,10,104,.0807,58.3,1,,,,,0,,,,,0,,,,,0
02/01/2018 09:55:00,400432,4,80,E,ML,.285,50,100,481,.0759,60.1,10,47,.0273,76.3,1,10,114,.0707,64.3,1,10,96,.1036,52.4,1,10,98,.0797,57,1,10,126,.0984,58.5,1,,,,,0,,,,,0,,,,,0
02/01/2018 10:00:00,400432,4,80,E,ML,.285,50,100,376,.0543,63.1,10,59,.0317,78.1,1,10,89,.0527,66.3,1,10,71,.068,53.3,1,10,79,.0577,61.8,1,10,78,.0616,58.2,1,,,,,0,,,,,0,,,,,0
02/01/2018 10:05:00,400432,4,80,E,ML,.285,50,100,356,.0518,63.8,10,61,.0332,78.7,1,10,88,.0537,66.3,1,10,71,.062,56.4,1,10,67,.0563,59.9,1,10,69,.0536,58.6,1,,,,,0,,,,,0,,,,,0
02/01/2018 10:10:00,400432,4,80,E,ML,.285,50,100,333,.0506,63,10,56,.0322,77.3,1,10,71,.0411,68.2,1,10,69,.0576,59.3,1,10,64,.0643,54.2,1,10,73,.0579,58.2,1,,,,,0,,,,,0,,,,,0
02/01/2018 10:15:00,400432,4,80,E,ML,.285,50,100,258,.038,63.5,10,41,.0225,77.5,1,10,60,.0374,67,1,10,45,.0457,55.6,1,10,52,.0363,61.9,1,10,60,.0482,57.7,1,,,,,0,,,,,0,,,,,0
02/01/2018 10:20:00,400432,4,80,E,ML,.285,50,100,416,.065,62,10,75,.0432,76.6,1,10,88,.0552,65.7,1,10,83,.0714,57.9,1,10,78,.0762,55.8,1,10,92,.079,55.5,1,,,,,0,,,,,0,,,,,0
02/01/2018 10:25:00,400432,4,80,E,ML,.285,50,100,608,.0919,61.6,10,94,.0558,75,1,10,123,.0781,64.6,1,10,128,.1163,57.5,1,10,127,.1012,58.4,1,10,136,.108,56.6,1,,,,,0,,,,,0,,,,,0
02/01/2018 10:30:00,400432,4,80,E,ML,.285,50,100,428,.0624,62.9,10,70,.0411,74.7,1,10,93,.0553,66.3,1,10,86,.069,61.1,1,10,79,.0661,58.3,1,10,100,.0806,56.7,1,,,,,0,,,,,0,,,,,0
02/01/2018 10:35:00,400432,4,80,E,ML,.285,50,100,509,.0756,62.9,10,81,.048,74.2,1,10,121,.0751,65.7,1,10,106,.0894,61.3,1,10,95,.0796,58.2,1,10,106,.0857,56.7,1,,,,,0,,,,,0,,,,,0
02/01/2018 10:40:00,400432,4,80,E,ML,.285,50,100,293,.0441,62.8,10,49,.0284,74.9,1,10,66,.0421,64.8,1,10,65,.0553,61.2,1,10,56,.0518,55.5,1,10,57,.0427,59,1,,,,,0,,,,,0,,,,,0
02/01/2018 10:45:00,400432,4,80,E,ML,.285,50,100,279,.0428,62.1,10,45,.0261,75.3,1,10,62,.0387,65.2,1,10,54,.0503,58.6,1,10,64,.0539,56.7,1,10,54,.0449,57.2,1,,,,,0,,,,,0,,,,,0
02/01/2018 10:50:00,400432,4,80,E,ML,.285,50,100,529,.0816,61.6,10,87,.049,76.3,1,10,128,.0808,64.6,1,10,104,.0986,56.7,1,10,100,.0896,55.5,1,10,110,.09,56.6,1,,,,,0,,,,,0,,,,,0
02/01/2018 10:55:00,400432,4,80,E,ML,.285,50,100,516,.0763,62.4,10,89,.0498,77.1,1,10,110,.0681,64.9,1,10,107,.086,60.6,1,10,92,.0832,54.6,1,10,118,.0945,56.9,1,,,,,0,,,,,0,,,,,0
02/01/2018 11:00:00,400432,4,80,E,ML,.285,50,100,477,.073,62,10,90,.0532,75.4,1,10,113,.0716,64.3,1,10,99,.089,59.1,1,10,81,.0761,53.2,1,10,94,.075,57.1,1,,,,,0,,,,,0,,,,,0
02/01/2018 11:05:00,400432,4,80,E,ML,.285,50,100,603,.0889,62.5,10,107,.0594,77,1,10,130,.081,64.5,1,10,120,.1038,59.5,1,10,119,.097,56.4,1,10,127,.1034,56.7,1,,,,,0,,,,,0,,,,,0
02/01/2018 11:10:00,400432,4,80,E,ML,.285,50,100,622,.0925,62.5,10,109,.0627,76.4,1,10,139,.0875,64.3,1,10,113,.104,57.9,1,10,124,.1,58.4,1,10,137,.1082,57.3,1,,,,,0,,,,,0,,,,,0
02/01/2018 11:15:00,400432,4,80,E,ML,.285,50,100,514,.0751,63.3,10,92,.0514,77.2,1,10,120,.0725,65.6,1,10,97,.0855,58.4,1,10,96,.0848,56.7,1,10,109,.0811,59.4,1,,,,,0,,,,,0,,,,,0
02/01/2018 11:20:00,400432,4,80,E,ML,.285,50,100,626,.11,60.5,10,106,.0585,78.1,1,10,144,.0845,67.2,1,10,122,.1121,57.4,1,10,123,.1072,56.3,1,10,131,.1875,45.7,1,,,,,0,,,,,0,,,,,0
02/01/2018 11:25:00,400432,4,80,E,ML,.285,50,100,499,.077,60.9,10,91,.0529,76.6,1,10,104,.0644,66.2,1,10,99,.0944,55.9,1,10,104,.0848,58,1,10,101,.0883,49,1,,,,,0,,,,,0,,,,,0
02/01/2018 11:30:00,400432,4,80,E,ML,.285,50,100,603,.0958,60.4,10,108,.0598,77.7,1,10,133,.0861,64.3,1,10,116,.1263,51.8,1,10,116,.0989,57.5,1,10,130,.1077,52.1,1,,,,,0,,,,,0,,,,,0
02/01/2018 11:35:00,400432,4,80,E,ML,.285,50,100,546,.0795,62.4,10,108,.0621,76.8,1,10,118,.0747,64,1,10,103,.0897,55.7,1,10,112,.0858,60.5,1,10,105,.085,54.3,1,,,,,0,,,,,0,,,,,0
02/01/2018 11:40:00,400432,4,80,E,ML,.285,50,100,335,.05,62.5,10,48,.026,77.7,1,10,76,.0451,66.1,1,10,64,.0713,51.1,1,10,68,.0501,63.3,1,10,79,.0577,58.5,1,,,,,0,,,,,0,,,,,0
02/01/2018 11:45:00,400432,4,80,E,ML,.285,50,100,401,.061,62.4,10,65,.0372,77,1,10,91,.0547,66.7,1,10,81,.0678,56.5,1,10,73,.0719,56.3,1,10,91,.0733,57.7,1,,,,,0,,,,,0,,,,,0
02/01/2018 11:50:00,400432,4,80,E,ML,.285,50,100,598,.0874,63.1,10,111,.0643,76.1,1,10,135,.089,64,1,10,109,.0956,57.8,1,10,113,.0893,58.9,1,10,130,.0986,59,1,,,,,0,,,,,0,,,,,0
02/01/2018 11:55:00,400432,4,80,E,ML,.285,50,100,485,.0751,62.1,10,96,.0543,76.6,1,10,107,.0661,64.7,1,10,85,.0863,54.4,1,10,91,.0761,58.5,1,10,106,.0926,55.7,1,,,,,0,,,,,0,,,,,0
02/01/2018 12:00:00,400432,4,80,E,ML,.285,10,100,360,.0508,63.8,2,65,.0358,77.5,1,2,95,.0614,63.6,1,2,80,.065,59.1,1,2,60,.0489,59.2,1,2,60,.0428,59.9,1,,,,,0,,,,,0,,,,,0
02/01/2018 12:05:00,400432,4,80,E,ML,.285,0,0,459,.0658,69.7,0,83,.0457,76.2,0,0,98,.0576,73.8,0,0,94,.081,71.1,0,0,87,.0714,65.5,0,0,97,.0735,62.3,0,,,,,0,,,,,0,,,,,0
02/01/2018 12:10:00,400432,4,80,E,ML,.285,0,0,419,.0603,70.9,0,82,.0465,76.9,0,0,92,.0578,73.5,0,0,78,.0698,72.7,0,0,82,.0667,66.9,0,0,85,.0606,64.3,0,,,,,0,,,,,0,,,,,0
02/01/2018 12:15:00,400432,4,80,E,ML,.285,0,0,412,.0625,69,0,85,.0514,74.1,0,0,98,.0613,73.5,0,0,72,.072,68,0,0,73,.063,64.8,0,0,84,.0648,63.2,0,,,,,0,,,,,0,,,,,0
02/01/2018 12:20:00,400432,4,80,E,ML,.285,20,100,144,.0196,72.1,4,25,.0139,76.5,1,4,43,.0244,74,1,4,38,.0244,72,1,4,20,.0182,69.2,1,4,18,.0169,64.5,1,,,,,0,,,,,0,,,,,0
02/01/2018 12:25:00,400432,4,80,E,ML,.285,50,100,438,.0641,67.4,10,78,.0437,76.9,1,10,93,.0556,70.8,1,10,84,.0716,66.4,1,10,84,.0679,64.7,1,10,99,.0817,60,1,,,,,0,,,,,0,,,,,0
02/01/2018 12:30:00,400432,4,80,E,ML,.285,50,100,428,.0677,64,10,96,.0553,76.1,1,10,98,.0627,67,1,10,80,.0838,58,1,10,75,.0659,60,1,10,79,.0708,55.5,1,,,,,0,,,,,0,,,,,0
02/01/2018 12:35:00,400432,4,80,E,ML,.285,50,100,648,.0979,62.6,10,132,.0767,75.3,1,10,143,.0903,65.5,1,10,120,.109,57.5,1,10,123,.1075,57.8,1,10,130,.1059,55.9,1,,,,,0,,,,,0,,,,,0
02/01/2018 12:40:00,400432,4,80,E,ML,.285,50,100,530,.0744,64.2,10,107,.064,73.9,1,10,118,.0731,65.3,1,10,106,.0824,62.1,1,10,108,.0819,61,1,10,91,.0704,57.5,1,,,,,0,,,,,0,,,,,0
02/01/2018 12:45:00,400432,4,80,E,ML,.285,50,100,450,.0852,58.8,10,88,.144,50.2,1,10,104,.063,66,1,10,84,.0698,62.3,1,10,77,.0716,56.7,1,10,97,.0775,57.4,1,,,,,0,,,,,0,,,,,0
02/01/2018 12:50:00,400432,4,80,E,ML,.285,50,100,497,.0768,59.4,10,107,.0649,60.8,1,10,99,.0647,63.9,1,10,101,.096,58.4,1,10,92,.0811,55.9,1,10,98,.0771,57.8,1,,,,,0,,,,,0,,,,,0
02/01/2018 12:55:00,400432,4,80,E,ML,.285,50,100,554,.084,60.5,10,119,.0705,67,1,10,113,.0716,63.8,1,10,111,.1018,57.5,1,10,104,.091,55.7,1,10,107,.085,57.7,1,,,,,0,,,,,0,,,,,0
02/01/2018 13:00:00,400432,4,80,E,ML,.285,50,100,419,.0601,61.8,10,77,.0437,67.4,1,10,87,.0523,65.5,1,10,80,.0654,60.5,1,10,86,.0655,59.8,1,10,89,.0736,56.5,1,,,,,0,,,,,0,,,,,0
02/01/2018 13:05:00,400432,4,80,E,ML,.285,50,100,478,.066,63.7,10,99,.0572,66.8,1,10,98,.0577,67,1,10,90,.0738,61.9,1,10,95,.0649,65.5,1,10,96,.0762,57.1,1,,,,,0,,,,,0,,,,,0
02/01/2018 13:10:00,400432,4,80,E,ML,.285,50,100,456,.0648,63.7,10,96,.055,66.8,1,10,99,.0604,66.6,1,10,88,.0737,61.9,1,10,81,.0563,67.7,1,10,92,.0784,55.4,1,,,,,0,,,,,0,,,,,0
02/01/2018 13:15:00,400432,4,80,E,ML,.285,50,100,544,.0746,64.5,10,117,.0685,66.1,1,10,122,.0721,67.5,1,10,94,.0829,60.4,1,10,96,.0711,66.7,1,10,115,.0782,61.4,1,,,,,0,,,,,0,,,,,0
02/01/2018 13:20:00,400432,4,80,E,ML,.285,50,100,506,.069,65.1,10,111,.0627,66.9,1,10,109,.0659,67.1,1,10,92,.0768,61.3,1,10,98,.0702,67.3,1,10,96,.0693,62.4,1,,,,,0,,,,,0,,,,,0
02/01/2018 13:25:00,400432,4,80,E,ML,.285,50,100,628,.0905,63.8,10,141,.0816,66.5,1,10,141,.0877,66,1,10,117,.0994,61.2,1,10,115,.086,66.2,1,10,114,.0977,57.9,1,,,,,0,,,,,0,,,,,0
02/01/2018 13:30:00,400432,4,80,E,ML,.285,50,100,592,.0852,63.1,10,124,.0717,66.3,1,10,126,.0772,65.9,1,10,109,.0985,59.3,1,10,114,.0885,64.4,1,10,119,.0903,59.1,1,,,,,0,,,,,0,,,,,0
02/01/2018 13:35:00,400432,4,80,E,ML,.285,50,100,556,.0797,63.4,10,121,.0692,66.6,1,10,108,.0646,66.7,1,10,107,.0976,58.1,1,10,106,.069,69.6,1,10,114,.0981,56.2,1,,,,,0,,,,,0,,,,,0
02/01/2018 13:40:00,400432,4,80,E,ML,.285,50,100,419,.0571,64.7,10,88,.0495,67.4,1,10,95,.058,66.4,1,10,81,.066,60.9,1,10,75,.0513,70.3,1,10,80,.0605,58.4,1,,,,,0,,,,,0,,,,,0
02/01/2018 13:45:00,400432,4,80,E,ML,.285,50,100,574,.0798,64.5,10,125,.0715,67.1,1,10,123,.0786,64.8,1,10,116,.0981,61.1,1,10,97,.07,68.8,1,10,113,.081,61.1,1,,,,,0,,,,,0,,,,,0
02/01/2018 13:50:00,400432,4,80,E,ML,.285,50,100,578,.0927,60.2,10,136,.0917,61.9,1,10,126,.0901,60.6,1,10,121,.1038,60.8,1,10,94,.0838,61.7,1,10,101,.0939,55.2,1,,,,,0,,,,,0,,,,,0
02/01/2018 13:55:00,400432,4,80,E,ML,.285,50,100,568,.0888,58.5,10,143,.0959,59.5,1,10,114,.0817,58.5,1,10,102,.0965,57.8,1,10,103,.0864,59.8,1,10,106,.0834,56.7,1,,,,,0,,,,,0,,,,,0
02/01/2018 14:00:00,400432,4,80,E,ML,.285,50,100,422,.0651,58.1,10,103,.0699,57.9,1,10,87,.0629,57.2,1,10,80,.0666,60.1,1,10,79,.0691,57.7,1,10,73,.0571,57.6,1,,,,,0,,,,,0,,,,,0
02/01/2018 14:05:00,400432,4,80,E,ML,.285,50,100,499,.0819,56.1,10,114,.085,54.6,1,10,105,.0802,55,1,10,94,.0904,57,1,10,92,.0769,57.9,1,10,94,.077,56.7,1,,,,,0,,,,,0,,,,,0
02/01/2018 14:10:00,400432,4,80,E,ML,.285,50,100,468,.0828,53.1,10,115,.0965,50.1,1,10,104,.0843,52.4,1,10,90,.0931,53.6,1,10,81,.072,56.3,1,10,78,.0682,54.5,1,,,,,0,,,,,0,,,,,0
02/01/2018 14:15:00,400432,4,80,E,ML,.285,50,100,474,.09,50,10,114,.0915,48.9,1,10,106,.0917,49.5,1,10,82,.0977,48.6,1,10,86,.0862,52.4,1,10,86,.0831,50.9,1,,,,,0,,,,,0,,,,,0
02/01/2018 14:20:00,400432,4,80,E,ML,.285,50,100,728,.1237,51.2,10,165,.121,50.5,1,10,155,.1196,50.9,1,10,131,.1273,51,1,10,143,.1299,53,1,10,134,.1207,50.9,1,,,,,0,,,,,0,,,,,0
02/01/2018 14:25:00,400432,4,80,E,ML,.285,50,100,765,.1366,50.6,10,177,.1303,51.2,1,10,169,.1363,50.5,1,10,141,.1511,49.7,1,10,141,.1326,52.4,1,10,137,.1325,49.1,1,,,,,0,,,,,0,,,,,0
02/01/2018 14:30:00,400432,4,80,E,ML,.285,50,100,673,.1322,48,10,154,.1449,45.9,1,10,143,.1343,46.7,1,10,118,.14,46.7,1,10,125,.123,50.9,1,10,133,.1187,50.2,1,,,,,0,,,,,0,,,,,0
02/01/2018 14:35:00,400432,4,80,E,ML,.285,50,100,672,.1216,48.6,10,151,.127,45.7,1,10,143,.126,46.3,1,10,123,.1299,47.9,1,10,129,.1157,52.6,1,10,126,.1094,51.5,1,,,,,0,,,,,0,,,,,0
02/01/2018 14:40:00,400432,4,80,E,ML,.285,50,100,632,.165,41.7,10,138,.1914,36.6,1,10,126,.1718,38,1,10,117,.173,41.5,1,10,124,.1506,46.3,1,10,127,.1381,46.8,1,,,,,0,,,,,0,,,,,0
02/01/2018 14:45:00,400432,4,80,E,ML,.285,50,100,606,.1334,41.5,10,134,.1446,36,1,10,123,.1547,35,1,10,107,.1387,40.8,1,10,124,.1201,48.3,1,10,118,.109,48.2,1,,,,,0,,,,,0,,,,,0
02/01/2018 14:50:00,400432,4,80,E,ML,.285,50,100,553,.1342,39.7,10,116,.16,31.9,1,10,109,.1371,33.5,1,10,106,.1428,39.6,1,10,107,.1188,46.1,1,10,115,.1124,47.5,1,,,,,0,,,,,0,,,,,0
02/01/2018 14:55:00,400432,4,80,E,ML,.285,50,100,559,.1176,41.1,10,120,.1257,34.2,1,10,122,.1336,35.2,1,10,97,.1177,41.2,1,10,115,.1145,47.5,1,10,105,.0966,48.6,1,,,,,0,,,,,0,,,,,0
02/01/2018 15:00:00,400432,4,80,E,ML,.285,50,100,609,.1509,39.1,10,123,.1522,32.6,1,10,126,.168,32.7,1,10,120,.1792,38,1,10,116,.1331,44.9,1,10,124,.1221,47.5,1,,,,,0,,,,,0,,,,,0
02/01/2018 15:05:00,400432,4,80,E,ML,.285,50,100,313,.063,42,10,65,.0548,39.1,1,10,67,.0673,36.5,1,10,60,.0791,38.7,1,10,66,.0621,48.3,1,10,55,.0516,48.3,1,,,,,0,,,,,0,,,,,0
02/01/2018 15:10:00,400432,4,80,E,ML,.285,50,100,546,.1112,43.1,10,104,.0888,41.9,1,10,117,.111,39.5,1,10,106,.1275,40.9,1,10,113,.1167,47.7,1,10,106,.1122,45.8,1,,,,,0,,,,,0,,,,,0
02/01/2018 15:15:00,400432,4,80,E,ML,.285,50,100,692,.115,48.5,10,138,.1025,46.7,1,10,151,.1238,44.4,1,10,136,.1281,48,1,10,133,.111,53,1,10,134,.1094,50.9,1,,,,,0,,,,,0,,,,,0
02/01/2018 15:20:00,400432,4,80,E,ML,.285,50,100,626,.1044,51.2,10,110,.0831,48.7,1,10,148,.1195,47.2,1,10,121,.1214,49.8,1,10,123,.0976,57.1,1,10,124,.1003,53.7,1,,,,,0,,,,,0,,,,,0
02/01/2018 15:25:00,400432,4,80,E,ML,.285,50,100,588,.1242,47.2,10,111,.091,47.7,1,10,129,.154,40.5,1,10,118,.146,45.9,1,10,113,.1172,52,1,10,117,.1127,50.6,1,,,,,0,,,,,0,,,,,0
02/01/2018 15:30:00,400432,4,80,E,ML,.285,50,100,597,.1636,40.2,10,113,.1263,41,1,10,132,.1766,35.3,1,10,114,.1635,41,1,10,120,.1457,46,1,10,118,.2061,38.4,1,,,,,0,,,,,0,,,,,0
02/01/2018 15:35:00,400432,4,80,E,ML,.285,50,100,570,.1427,38.1,10,120,.1365,37.3,1,10,121,.1564,33.3,1,10,103,.1568,37.5,1,10,115,.1447,42.3,1,10,111,.1191,40.5,1,,,,,0,,,,,0,,,,,0
02/01/2018 15:40:00,400432,4,80,E,ML,.285,50,100,500,.1553,34.5,10,96,.0987,37.3,1,10,98,.2001,26.5,1,10,99,.1992,31.6,1,10,99,.1528,36.9,1,10,108,.1256,39.9,1,,,,,0,,,,,0,,,,,0
02/01/2018 15:45:00,400432,4,80,E,ML,.285,50,100,444,.1312,32.6,10,98,.1292,33.2,1,10,83,.1454,24.8,1,10,85,.1368,31.9,1,10,88,.1274,35.2,1,10,90,.1171,37.5,1,,,,,0,,,,,0,,,,,0
02/01/2018 15:50:00,400432,4,80,E,ML,.285,50,100,548,.1708,30.9,10,105,.1572,29.4,1,10,114,.186,24.8,1,10,108,.2039,29.7,1,10,108,.1643,33.6,1,10,113,.1424,36.9,1,,,,,0,,,,,0,,,,,0
02/01/2018 15:55:00,400432,4,80,E,ML,.285,50,100,568,.1906,29.1,10,113,.172,27.3,1,10,117,.2131,23.5,1,10,111,.2066,28.8,1,10,110,.2094,29.6,1,10,117,.152,36.1,1,,,,,0,,,,,0,,,,,0
02/01/2018 16:00:00,400432,4,80,E,ML,.285,50,100,392,.1686,25.7,10,87,.1299,26.5,1,10,68,.2095,18.3,1,10,72,.1871,24.4,1,10,78,.1595,26.7,1,10,87,.1572,30.7,1,,,,,0,,,,,0,,,,,0
02/01/2018 16:05:00,400432,4,80,E,ML,.285,50,100,258,.072,29.1,10,49,.049,32.8,1,10,56,.0734,24.6,1,10,50,.0923,26.2,1,10,54,.0828,29.2,1,10,49,.0623,33.4,1,,,,,0,,,,,0,,,,,0
02/01/2018 16:10:00,400432,4,80,E,ML,.285,50,100,511,.1492,30.4,10,106,.1196,33.4,1,10,102,.188,23.2,1,10,92,.1583,28.2,1,10,107,.146,32.4,1,10,104,.1339,34.5,1,,,,,0,,,,,0,,,,,0
02/01/2018 16:15:00,400432,4,80,E,ML,.285,50,100,567,.2175,27.7,10,119,.1536,31.5,1,10,106,.2446,20.3,1,10,106,.2766,24,1,10,110,.2401,27.3,1,10,126,.1724,34,1,,,,,0,,,,,0,,,,,0
02/01/2018 16:20:00,400432,4,80,E,ML,.285,50,100,436,.1102,31.9,10,90,.0981,33.3,1,10,89,.1435,22.7,1,10,84,.1105,31.7,1,10,82,.1043,32.8,1,10,91,.0945,39,1,,,,,0,,,,,0,,,,,0
02/01/2018 16:25:00,400432,4,80,E,ML,.285,50,100,283,.0989,29.6,10,57,.0666,33,1,10,64,.108,23.3,1,10,47,.1235,25.7,1,10,54,.122,27.2,1,10,61,.0744,38.3,1,,,,,0,,,,,0,,,,,0
02/01/2018 16:30:00,400432,4,80,E,ML,.285,50,100,495,.1637,29.1,10,107,.1297,32.3,1,10,102,.1975,22.1,1,10,92,.2173,23.8,1,10,94,.1576,28.1,1,10,100,.1165,38.8,1,,,,,0,,,,,0,,,,,0
02/01/2018 16:35:00,400432,4,80,E,ML,.285,50,100,342,.1451,25.8,10,76,.101,30.5,1,10,72,.1495,20.8,1,10,59,.2059,19.3,1,10,63,.1395,25,1,10,72,.1298,32.1,1,,,,,0,,,,,0,,,,,0
02/01/2018 16:40:00,400432,4,80,E,ML,.285,50,100,372,.1573,24.7,10,73,.0817,32.3,1,10,75,.1992,18,1,10,64,.2092,17.6,1,10,79,.1611,24.4,1,10,81,.1351,29.8,1,,,,,0,,,,,0,,,,,0
02/01/2018 16:45:00,400432,4,80,E,ML,.285,50,100,480,.1633,25.7,10,97,.1208,31.5,1,10,100,.1979,19.2,1,10,90,.1893,21.1,1,10,98,.1735,25.9,1,10,95,.135,31,1,,,,,0,,,,,0,,,,,0
02/01/2018 16:50:00,400432,4,80,E,ML,.285,50,100,411,.1492,26.4,10,84,.1081,30.6,1,10,87,.2421,16.9,1,10,74,.1318,25.1,1,10,79,.1568,25.2,1,10,87,.1073,34.1,1,,,,,0,,,,,0,,,,,0
02/01/2018 16:55:00,400432,4,80,E,ML,.285,50,100,531,.1937,26,10,108,.1396,30.1,1,10,106,.2251,18,1,10,100,.2316,23.7,1,10,103,.2068,24.7,1,10,114,.1653,32.8,1,,,,,0,,,,,0,,,,,0
02/01/2018 17:00:00,400432,4,80,E,ML,.285,50,100,505,.1968,24.8,10,110,.1477,29.3,1,10,104,.2121,18.9,1,10,98,.2256,23.1,1,10,95,.2335,22.2,1,10,98,.1649,30,1,,,,,0,,,,,0,,,,,0
02/01/2018 17:05:00,400432,4,80,E,ML,.285,50,100,326,.1346,24.6,10,62,.0718,31.2,1,10,69,.176,17.4,1,10,58,.1701,20.4,1,10,65,.1606,20.9,1,10,72,.0947,32.4,1,,,,,0,,,,,0,,,,,0
02/01/2018 17:10:00,400432,4,80,E,ML,.285,50,100,456,.135,27.9,10,93,.1226,30.1,1,10,88,.1705,19.1,1,10,89,.1452,26.1,1,10,95,.1306,28.1,1,10,91,.1063,35.8,1,,,,,0,,,,,0,,,,,0
02/01/2018 17:15:00,400432,4,80,E,ML,.285,50,100,439,.1443,28.2,10,89,.124,28.8,1,10,81,.157,20,1,10,85,.1754,25.6,1,10,90,.1495,28.7,1,10,94,.1157,36.5,1,,,,,0,,,,,0,,,,,0
02/01/2018 17:20:00,400432,4,80,E,ML,.285,50,100,452,.2066,24.5,10,94,.1841,24.2,1,10,87,.2418,17.3,1,10,77,.2375,21.2,1,10,95,.2162,25,1,10,99,.1536,33,1,,,,,0,,,,,0,,,,,0
02/01/2018 17:25:00,400432,4,80,E,ML,.285,50,100,301,.1591,21,10,62,.1161,22.3,1,10,60,.189,15.1,1,10,56,.1505,20.2,1,10,58,.2062,19.3,1,10,65,.1336,27.6,1,,,,,0,,,,,0,,,,,0
02/01/2018 17:30:00,400432,4,80,E,ML,.285,50,100,388,.1575,22.1,10,81,.1152,24.6,1,10,79,.1578,17.7,1,10,69,.2,19,1,10,78,.1899,19.6,1,10,81,.1245,28.7,1,,,,,0,,,,,0,,,,,0
02/01/2018 17:35:00,400432,4,80,E,ML,.285,50,100,356,.1442,22.4,10,75,.1144,24.8,1,10,73,.1597,18.1,1,10,67,.1797,19.2,1,10,70,.1536,20.9,1,10,71,.1137,28.6,1,,,,,0,,,,,0,,,,,0
02/01/2018 17:40:00,400432,4,80,E,ML,.285,50,100,380,.1773,21.5,10,78,.1563,21.9,1,10,75,.2089,16.3,1,10,72,.2122,18.4,1,10,72,.1864,19.8,1,10,83,.1226,29.8,1,,,,,0,,,,,0,,,,,0
02/01/2018 17:45:00,400432,4,80,E,ML,.285,50,100,307,.1665,19.7,10,68,.1403,20.2,1,10,61,.197,14.4,1,10,55,.1925,16.6,1,10,56,.1936,16.9,1,10,67,.1091,29,1,,,,,0,,,,,0,,,,,0
02/01/2018 17:50:00,400432,4,80,E,ML,.285,50,100,366,.1881,18.7,10,78,.1529,19.9,1,10,73,.1931,14.8,1,10,72,.2208,16.8,1,10,69,.2184,16.1,1,10,74,.1555,25.4,1,,,,,0,,,,,0,,,,,0
02/01/2018 17:55:00,400432,4,80,E,ML,.285,50,100,448,.2442,18.6,10,96,.1748,20.5,1,10,88,.2822,13.7,1,10,87,.3058,15.8,1,10,79,.3005,14.4,1,10,98,.1576,26.9,1,,,,,0,,,,,0,,,,,0
02/01/2018 18:00:00,400432,4,80,E,ML,.285,50,100,456,.1576,22.4,10,94,.1278,24.3,1,10,95,.1694,18.2,1,10,83,.1816,19.8,1,10,93,.1851,19.4,1,10,91,.1241,30.2,1,,,,,0,,,,,0,,,,,0
02/01/2018 18:05:00,400432,4,80,E,ML,.285,50,100,502,.1965,22.9,10,105,.1672,24.2,1,10,109,.2244,18.9,1,10,88,.2315,19.8,1,10,100,.2106,21.2,1,10,100,.1487,30.5,1,,,,,0,,,,,0,,,,,0
02/01/2018 18:10:00,400432,4,80,E,ML,.285,50,100,346,.1396,22.7,10,76,.119,24.3,1,10,69,.1415,19.3,1,10,67,.1734,19.9,1,10,68,.1502,21.6,1,10,66,.1141,28.5,1,,,,,0,,,,,0,,,,,0
02/01/2018 18:15:00,400432,4,80,E,ML,.285,50,100,338,.1431,22.4,10,69,.1277,22.5,1,10,68,.1496,18.8,1,10,59,.1652,19.2,1,10,65,.1518,21.2,1,10,77,.1213,28.8,1,,,,,0,,,,,0,,,,,0
02/01/2018 18:20:00,400432,4,80,E,ML,.285,50,100,417,.2351,19.7,10,91,.1974,20.1,1,10,76,.2826,14.8,1,10,79,.273,17.1,1,10,78,.2532,18.1,1,10,93,.1693,27,1,,,,,0,,,,,0,,,,,0
02/01/2018 18:25:00,400432,4,80,E,ML,.285,50,100,412,.1419,23.2,10,81,.1647,19.5,1,10,81,.1481,18.4,1,10,81,.151,22.5,1,10,85,.1344,24.4,1,10,84,.1112,30.8,1,,,,,0,,,,,0,,,,,0
02/01/2018 18:30:00,400432,4,80,E,ML,.285,50,100,313,.1405,22.3,10,69,.1076,22,1,10,68,.2019,16,1,10,59,.1462,21.7,1,10,59,.1672,20.8,1,10,58,.0796,32.1,1,,,,,0,,,,,0,,,,,0
02/01/2018 18:35:00,400432,4,80,E,ML,.285,50,100,277,.1079,23.2,10,56,.0842,23.7,1,10,58,.1332,16.8,1,10,57,.1292,22.3,1,10,53,.1205,21.1,1,10,53,.0723,32.8,1,,,,,0,,,,,0,,,,,0
02/01/2018 18:40:00,400432,4,80,E,ML,.285,50,100,464,.1657,24.5,10,97,.1588,23.5,1,10,98,.2126,17.7,1,10,86,.1836,23.3,1,10,96,.158,25.3,1,10,87,.1154,33.7,1,,,,,0,,,,,0,,,,,0
02/01/2018 18:45:00,400432,4,80,E,ML,.285,50,100,220,.0883,24.5,10,42,.1004,19.8,1,10,41,.1072,16.6,1,10,43,.0867,24.5,1,10,43,.0725,27.1,1,10,51,.0746,32.5,1,,,,,0,,,,,0,,,,,0
02/01/2018 18:50:00,400432,4,80,E,ML,.285,50,100,451,.128,28.2,10,87,.121,23.7,1,10,97,.1628,20.3,1,10,82,.1262,29.1,1,10,91,.123,31.5,1,10,94,.107,36.4,1,,,,,0,,,,,0,,,,,0
02/01/2018 18:55:00,400432,4,80,E,ML,.285,50,100,381,.1126,29.5,10,80,.1061,26.3,1,10,78,.1367,21.7,1,10,74,.1218,30.3,1,10,74,.1116,31.9,1,10,75,.0868,38,1,,,,,0,,,,,0,,,,,0
02/01/2018 19:00:00,400432,4,80,E,ML,.285,50,100,399,.1022,32.3,10,88,.1096,28.5,1,10,82,.111,25.8,1,10,70,.1014,33.1,1,10,84,.105,35.4,1,10,75,.0842,39.4,1,,,,,0,,,,,0,,,,,0
02/01/2018 19:05:00,400432,4,80,E,ML,.285,50,100,463,.1218,33.5,10,98,.14,27.6,1,10,95,.1291,27.8,1,10,85,.1291,33.6,1,10,90,.1037,38.8,1,10,95,.1071,40,1,,,,,0,,,,,0,,,,,0
02/01/2018 19:10:00,400432,4,80,E,ML,.285,50,100,509,.1384,33.4,10,109,.164,26.5,1,10,105,.1487,28.2,1,10,92,.1339,34.6,1,10,101,.1205,39.8,1,10,102,.1251,38.7,1,,,,,0,,,,,0,,,,,0
02/01/2018 19:15:00,400432,4,80,E,ML,.285,50,100,555,.1353,35.2,10,119,.1482,28.6,1,10,110,.1398,30,1,10,109,.1398,37.5,1,10,109,.1236,41.3,1,10,108,.1253,39.1,1,,,,,0,,,,,0,,,,,0
02/01/2018 19:20:00,400432,4,80,E,ML,.285,50,100,392,.0878,37.3,10,86,.0877,33.1,1,10,84,.0942,33,1,10,65,.0796,39.9,1,10,76,.0876,41.7,1,10,81,.0899,40.2,1,,,,,0,,,,,0,,,,,0
02/01/2018 19:25:00,400432,4,80,E,ML,.285,50,100,585,.1107,42.3,10,123,.1087,38.2,1,10,126,.1167,38.3,1,10,117,.118,45.7,1,10,108,.1049,45.9,1,10,111,.1052,44.3,1,,,,,0,,,,,0,,,,,0
02/01/2018 19:30:00,400432,4,80,E,ML,.285,50,100,531,.0988,45.1,10,113,.0977,41.2,1,10,115,.1023,41.8,1,10,100,.104,47.8,1,10,95,.0846,50.3,1,10,108,.1056,45.6,1,,,,,0,,,,,0,,,,,0
02/01/2018 19:35:00,400432,4,80,E,ML,.285,50,100,423,.085,45,10,87,.0827,40.7,1,10,87,.0915,40.1,1,10,86,.0868,49.6,1,10,82,.083,49.2,1,10,81,.0809,45.7,1,,,,,0,,,,,0,,,,,0
02/01/2018 19:40:00,400432,4,80,E,ML,.285,50,100,452,.0863,45.9,10,96,.0853,41.9,1,10,96,.0965,40.1,1,10,84,.0855,50.3,1,10,91,.0853,50.5,1,10,85,.079,47.5,1,,,,,0,,,,,0,,,,,0
02/01/2018 19:45:00,400432,4,80,E,ML,.285,50,100,578,.0776,56.2,10,123,.0688,55.1,1,10,127,.0762,53.7,1,10,111,.0847,59.1,1,10,106,.0764,59,1,10,111,.082,54.7,1,,,,,0,,,,,0,,,,,0
02/01/2018 19:50:00,400432,4,80,E,ML,.285,50,100,438,.0613,60.3,10,91,.0535,60.1,1,10,85,.0542,58.6,1,10,88,.0677,63.3,1,10,84,.0616,62.7,1,10,90,.0696,57,1,,,,,0,,,,,0,,,,,0
02/01/2018 19:55:00,400432,4,80,E,ML,.285,50,100,551,.0744,63.1,10,122,.0737,61.7,1,10,127,.081,60.9,1,10,109,.077,68.4,1,10,100,.0708,65.7,1,10,93,.0693,59.2,1,,,,,0,,,,,0,,,,,0
02/01/2018 20:00:00,400432,4,80,E,ML,.285,50,100,396,.0531,65.8,10,81,.0468,69.5,1,10,99,.06,63.8,1,10,70,.0566,66.3,1,10,69,.0476,68.1,1,10,77,.0546,61.9,1,,,,,0,,,,,0,,,,,0
02/01/2018 20:05:00,400432,4,80,E,ML,.285,50,100,380,.0507,67.9,10,82,.0471,73.6,1,10,85,.0507,65.8,1,10,82,.0597,68.8,1,10,70,.0494,68.5,1,10,61,.0466,61,1,,,,,0,,,,,0,,,,,0
02/01/2018 20:10:00,400432,4,80,E,ML,.285,50,100,474,.0617,69.2,10,99,.0568,75.7,1,10,110,.0651,67,1,10,93,.0671,70.3,1,10,85,.0588,69.4,1,10,87,.0609,63.2,1,,,,,0,,,,,0,,,,,0
02/01/2018 20:15:00,400432,4,80,E,ML,.285,50,100,446,.0595,69.3,10,93,.055,75.6,1,10,102,.0664,64.5,1,10,99,.067,73.5,1,10,75,.0516,70,1,10,77,.0577,62.2,1,,,,,0,,,,,0,,,,,0
02/01/2018 20:20:00,400432,4,80,E,ML,.285,50,100,239,.0299,71.2,10,58,.0329,76.9,1,10,51,.0301,67.3,1,10,41,.0264,75.1,1,10,50,.0334,71,1,10,39,.0265,64.2,1,,,,,0,,,,,0,,,,,0
02/01/2018 20:25:00,400432,4,80,E,ML,.285,50,100,246,.0296,72.6,10,52,.0284,78.4,1,10,55,.0314,69.4,1,10,44,.0275,76.8,1,10,44,.0263,73.5,1,10,51,.0345,65.7,1,,,,,0,,,,,0,,,,,0
02/01/2018 20:30:00,400432,4,80,E,ML,.285,50,100,216,.0279,73.2,10,44,.0244,78.4,1,10,40,.0241,70.1,1,10,56,.0342,79.7,1,10,37,.0299,68.3,1,10,39,.0267,65.8,1,,,,,0,,,,,0,,,,,0
02/01/2018 20:35:00,400432,4,80,E,ML,.285,50,100,353,.046,71.6,10,61,.0344,78.6,1,10,83,.0493,69.1,1,10,73,.0523,76,1,10,67,.0471,68.7,1,10,69,.0469,66.5,1,,,,,0,,,,,0,,,,,0
02/01/2018 20:40:00,400432,4,80,E,ML,.285,45,100,494,.0629,72.3,9,110,.0632,78.2,1,9,111,.0658,68.6,1,9,100,.064,78.5,1,9,87,.0622,68.4,1,9,86,.0592,66.5,1,,,,,0,,,,,0,,,,,0
02/01/2018 20:45:00,400432,4,80,E,ML,.285,50,100,506,.0667,71.2,10,102,.0582,78.2,1,10,107,.0638,68.2,1,10,96,.0698,74.9,1,10,103,.0678,71.1,1,10,98,.074,63.6,1,,,,,0,,,,,0,,,,,0
02/01/2018 20:50:00,400432,4,80,E,ML,.285,50,100,361,.0473,71.4,10,78,.0427,79.8,1,10,75,.043,69.4,1,10,80,.0618,71,1,10,64,.044,70.9,1,10,64,.0451,64.3,1,,,,,0,,,,,0,,,,,0
02/01/2018 20:55:00,400432,4,80,E,ML,.285,50,100,394,.0497,72.2,10,90,.0511,79.2,1,10,90,.0543,68.2,1,10,76,.051,74.1,1,10,70,.0473,71.4,1,10,68,.0448,66.8,1,,,,,0,,,,,0,,,,,0
02/01/2018 21:00:00,400432,4,80,E,ML,.285,50,100,444,.0544,73.2,10,84,.0455,79.1,1,10,96,.0556,71.6,1,10,92,.0585,76.4,1,10,82,.0517,73.5,1,10,90,.0606,66.1,1,,,,,0,,,,,0,,,,,0
02/01/2018 21:05:00,400432,4,80,E,ML,.285,50,100,339,.0421,73.5,10,68,.0362,79.5,1,10,74,.0437,72.6,1,10,75,.047,78.1,1,10,53,.0337,73.7,1,10,69,.0498,63.5,1,,,,,0,,,,,0,,,,,0
02/01/2018 21:10:00,400432,4,80,E,ML,.285,50,100,389,.052,71.1,10,80,.049,74.8,1,10,83,.0506,72,1,10,80,.0609,72,1,10,75,.0527,70.8,1,10,71,.0468,65.1,1,,,,,0,,,,,0,,,,,0
02/01/2018 21:15:00,400432,4,80,E,ML,.285,50,100,453,.0566,72.1,10,83,.0465,75.6,1,10,97,.0553,74.1,1,10,96,.0621,74.7,1,10,86,.06,69.6,1,10,91,.0593,66.3,1,,,,,0,,,,,0,,,,,0
02/01/2018 21:20:00,400432,4,80,E,ML,.285,50,100,226,.0298,71.2,10,55,.0306,76.2,1,10,46,.0282,73.1,1,10,46,.0351,70.7,1,10,39,.0272,69.1,1,10,40,.028,64.9,1,,,,,0,,,,,0,,,,,0
02/01/2018 21:25:00,400432,4,80,E,ML,.285,50,100,448,.0586,70.1,10,82,.0464,75.9,1,10,101,.0611,72.5,1,10,76,.0543,70.4,1,10,86,.0606,68.4,1,10,103,.0707,64.5,1,,,,,0,,,,,0,,,,,0
02/01/2018 21:30:00,400432,4,80,E,ML,.285,50,100,281,.0352,71.8,10,67,.0356,77.9,1,10,58,.032,75.1,1,10,51,.0347,71.9,1,10,51,.0362,67.9,1,10,54,.0374,64.1,1,,,,,0,,,,,0,,,,,0
02/01/2018 21:35:00,400432,4,80,E,ML,.285,50,100,276,.0363,70.5,10,40,.0216,77.7,1,10,58,.0341,74.5,1,10,61,.0414,72.8,1,10,55,.0382,68.3,1,10,62,.0461,61.7,1,,,,,0,,,,,0,,,,,0
02/01/2018 21:40:00,400432,4,80,E,ML,.285,50,100,367,.0467,71.6,10,65,.0355,77.9,1,10,83,.0466,75.9,1,10,71,.0454,75.5,1,10,70,.0484,68.6,1,10,78,.0574,60.7,1,,,,,0,,,,,0,,,,,0
02/01/2018 21:45:00,400432,4,80,E,ML,.285,50,100,283,.0351,73,10,56,.0316,77,1,10,62,.0353,75.9,1,10,64,.0381,79.2,1,10,49,.0331,69.4,1,10,52,.0373,61.2,1,,,,,0,,,,,0,,,,,0
02/01/2018 21:50:00,400432,4,80,E,ML,.285,50,100,175,.022,72.7,10,38,.0211,76.9,1,10,36,.0207,75.2,1,10,38,.0255,76.3,1,10,36,.0248,69.3,1,10,27,.0177,63.2,1,,,,,0,,,,,0,,,,,0
02/01/2018 21:55:00,400432,4,80,E,ML,.285,50,100,340,.0448,70.9,10,64,.0357,76.8,1,10,75,.0437,74.9,1,10,66,.0531,69.3,1,10,63,.0423,70.1,1,10,72,.0492,63.8,1,,,,,0,,,,,0,,,,,0
02/01/2018 22:00:00,400432,4,80,E,ML,.285,50,100,321,.0408,71.3,10,51,.0278,76.8,1,10,76,.0431,75.3,1,10,68,.0462,71.5,1,10,63,.0427,70.2,1,10,63,.044,63.1,1,,,,,0,,,,,0,,,,,0
02/01/2018 22:05:00,400432,4,80,E,ML,.285,50,100,384,.0473,72.5,10,64,.0342,77.5,1,10,86,.0485,75.7,1,10,71,.0487,72.3,1,10,79,.0466,75.3,1,10,84,.0583,62.9,1,,,,,0,,,,,0,,,,,0
02/01/2018 22:10:00,400432,4,80,E,ML,.285,50,100,262,.0316,73.7,10,51,.0272,77.7,1,10,52,.0294,75.5,1,10,56,.0333,77,1,10,52,.034,73.7,1,10,51,.0339,64.1,1,,,,,0,,,,,0,,,,,0
02/01/2018 22:15:00,400432,4,80,E,ML,.285,50,100,320,.0384,74.7,10,54,.0286,78,1,10,69,.0372,77.2,1,10,69,.0431,78.4,1,10,72,.0465,73.7,1,10,56,.0365,65.3,1,,,,,0,,,,,0,,,,,0
02/01/2018 22:20:00,400432,4,80,E,ML,.285,50,100,358,.0448,73.9,10,62,.0339,77.4,1,10,90,.0515,76.1,1,10,81,.0532,77.3,1,10,68,.0457,72.3,1,10,57,.0397,64,1,,,,,0,,,,,0,,,,,0
02/01/2018 22:25:00,400432,4,80,E,ML,.285,50,100,321,.0399,73.6,10,65,.035,77.6,1,10,81,.0461,75.8,1,10,62,.0411,76.3,1,10,72,.0502,70.3,1,10,41,.0269,64.8,1,,,,,0,,,,,0,,,,,0
02/01/2018 22:30:00,400432,4,80,E,ML,.285,50,100,261,.037,69.9,10,47,.0263,76.6,1,10,65,.0391,73.7,1,10,55,.0378,74.5,1,10,57,.0496,62.7,1,10,37,.0321,59.2,1,,,,,0,,,,,0,,,,,0
02/01/2018 22:35:00,400432,4,80,E,ML,.285,50,100,267,.0348,70.7,10,53,.0294,76.3,1,10,62,.0357,74.1,1,10,65,.0415,76.3,1,10,53,.0442,60.2,1,10,34,.0231,61.8,1,,,,,0,,,,,0,,,,,0
02/01/2018 22:40:00,400432,4,80,E,ML,.285,40,100,307,.0428,69,8,49,.0291,74.5,1,8,66,.0403,72.4,1,8,88,.0593,75.3,1,8,59,.0538,56.3,1,8,45,.0316,62.2,1,,,,,0,,,,,0,,,,,0
02/01/2018 22:45:00,400432,4,80,E,ML,.285,50,100,320,.0423,69.1,10,51,.0287,74.9,1,10,83,.0497,72.1,1,10,76,.0549,72.3,1,10,70,.0508,61,1,10,40,.0272,63.2,1,,,,,0,,,,,0,,,,,0
02/01/2018 22:50:00,400432,4,80,E,ML,.285,50,100,311,.0405,70.2,10,63,.0346,75.7,1,10,73,.0418,73.5,1,10,77,.0567,70.2,1,10,65,.045,64.9,1,10,33,.0243,62.6,1,,,,,0,,,,,0,,,,,0
02/01/2018 22:55:00,400432,4,80,E,ML,.285,50,100,356,.0509,67.7,10,82,.0481,73.7,1,10,102,.0617,72.3,1,10,71,.0566,66.6,1,10,62,.0578,58.1,1,10,39,.0302,60.7,1,,,,,0,,,,,0,,,,,0
02/01/2018 23:00:00,400432,4,80,E,ML,.285,50,100,221,.0301,67.7,10,41,.0229,74.5,1,10,55,.0326,72.4,1,10,52,.0365,68.6,1,10,59,.0503,58.9,1,10,14,.0082,62.9,1,,,,,0,,,,,0,,,,,0
02/01/2018 23:05:00,400432,4,80,E,ML,.285,50,100,291,.0398,68.2,10,59,.0337,73.7,1,10,74,.0436,72.5,1,10,61,.0433,69.1,1,10,63,.0508,61,1,10,34,.0275,60.7,1,,,,,0,,,,,0,,,,,0
02/01/2018 23:10:00,400432,4,80,E,ML,.285,50,100,259,.0316,71.6,10,52,.0286,74.6,1,10,72,.0412,73.5,1,10,66,.0411,73.9,1,10,47,.0332,66.2,1,10,22,.0141,62.9,1,,,,,0,,,,,0,,,,,0
02/01/2018 23:15:00,400432,4,80,E,ML,.285,50,100,235,.0403,63.9,10,58,.0373,70.1,1,10,69,.0484,67.3,1,10,43,.0528,57.2,1,10,44,.0461,57.7,1,10,21,.0168,62.7,1,,,,,0,,,,,0,,,,,0
02/01/2018 23:20:00,400432,4,80,E,ML,.285,50,100,226,.0285,67.5,10,40,.0224,72.7,1,10,54,.031,70.8,1,10,51,.0304,68.4,1,10,51,.041,60.7,1,10,30,.0176,64.8,1,,,,,0,,,,,0,,,,,0
02/01/2018 23:25:00,400432,4,80,E,ML,.285,50,100,287,.0366,69.9,10,53,.0281,75,1,10,76,.0443,72,1,10,70,.0483,70,1,10,62,.0455,65,1,10,26,.017,65,1,,,,,0,,,,,0,,,,,0
02/01/2018 23:30:00,400432,4,80,E,ML,.285,50,100,236,.0298,71.2,10,34,.0184,75.7,1,10,65,.0378,72.7,1,10,57,.0372,72.6,1,10,60,.0432,67.8,1,10,20,.0124,65.1,1,,,,,0,,,,,0,,,,,0
02/01/2018 23:35:00,400432,4,80,E,ML,.285,50,100,301,.0401,70.3,10,56,.0302,76.1,1,10,78,.0461,72.5,1,10,68,.052,68.6,1,10,77,.0593,66.9,1,10,22,.0129,65.5,1,,,,,0,,,,,0,,,,,0
02/01/2018 23:40:00,400432,4,80,E,ML,.285,50,100,196,.0263,70.3,10,37,.023,74.1,1,10,58,.034,72.8,1,10,47,.0333,69.4,1,10,39,.0314,65.8,1,10,15,.0096,65.2,1,,,,,0,,,,,0,,,,,0
02/01/2018 23:45:00,400432,4,80,E,ML,.285,50,100,262,.0338,70.9,10,46,.0245,75.5,1,10,73,.042,73.5,1,10,72,.0474,72.1,1,10,53,.0442,63.5,1,10,18,.0107,65.3,1,,,,,0,,,,,0,,,,,0
02/01/2018 23:50:00,400432,4,80,E,ML,.285,50,100,269,.0335,72,10,47,.0248,76.4,1,10,77,.0472,71.6,1,10,66,.0425,74.2,1,10,61,.0419,68.6,1,10,18,.0112,65.2,1,,,,,0,,,,,0,,,,,0
02/01/2018 23:55:00,400432,4,80,E,ML,.285,50,100,316,.0427,70.1,10,63,.034,76.4,1,10,80,.0478,71.6,1,10,75,.0621,66.9,1,10,65,.0492,67.9,1,10,33,.0203,66,1,,,,,0,,,,,0,,,,,0
